1 2 0.85
2 3 4
3 4 1.3
4 5 2.2
5 6 3.4
6 7 1.5 
7 8 1
8 9 1.4
10 11 24.9
11 12 13.6
12 13 1.3
13 5 2.7
5 14 3.4
14 15 1
15 8 3.4
16 17 1.3
17 18 19.1
18 19 5.2
19 20 1.4
20 14 2
14 6 0.963
6 21 4.1
21 22 1.3
22 10 18.5
23 24 1.4
24 45 2.5
45 25 2.1
26 27 18.3
27 28 0.961
28 29 4.6
29 4 1.5
4 3 1.3
3 30 7.1
30 31 11.7
32 27 9.6
27 28 0.961
28 19 3.2
19 33 2.6
33 34 1.4
34 40 1.4
40 9 4.9
9 35 0.639
36 37 2
37 32 11.6
38 39 9.3
39 23 5.1
23 24 1.4
24 34 2.5
34 40 1.2
40 41 2.3
41 20 1.8
20 42 5.3
42 29 1.2
29 2 2.2
2 1 0.85
43 21 3.5
21 7 3.5
7 15 1.8
15 41 0.85
41 33 1.1
33 18 2.5
18 45 0.6
45 39 7.4
16 38 4.4
38 26 1.9
26 37 2.7
37 36 2
1 27 7.7
27 25 3.5
25 18 2.1
18 34 3.7
34 35 6.4
35 22 4.8
22 43 2
43 13 5.1
13 44 1.9
44 30 8.8
30 1 7.4
42 4 1.8
4 44 1.8
44 12 2.7
12 11 14.8
11 31 5.9
39 16 11
46 32 23.8
47 39 2.6
47 45 4.8
48 31 19.5
49 35 1.1
49 22 3.7
50 4 1.1
50 5 1
51 22 1
51 10 18.7
52 54 18.4
52 1 2
53 11 8.1
53 12 6.7
54 52 18.4