1  52  2  27  30 
2  1  3  29 
3  2  30  4 
4  3  50  42  44  29 
5  50  13  6  14 
6  5  21  7  14 
7  6  21  15  8 
8  7  15  9 
9  8  35  40 
10  11  51 
11  10  12  31  53 
12  11  44  53  13 
13  12  44  5  43 
14  5  6  20  15 
15  14  41  7  8 
16  17  39  38 
17  16  18 
18  17  45  25  19  33  34 
19  18  28  33  20 
20  19  42  41  14 
21  6  7  43  22 
22  21  43  49  51 
23  39  24  
24  23  45  34 
25  45  18  27 
26  37  27  38 
27  26  28  32  1  25 
28  27  19  29 
29  2  4  42  28 
30  1  3  44  31 
31  30  48  11 
32  46  27  37 
33  19  18  34  41 
34  33  18  24  35  40 
35  34  9  49 
36  37 
37  36  26  32 
38  26  39  16 
39  38  47  16  23 
40  34  41  9 
41  40  33  20  15 
42  20  4  29 
43  21  13  22 
44  13  4  30  12 
45  47  25  24  18 
46  32 
47  45  39 
48  31 
49  22  35 
50  4  5 
51  22  10 
52  54  1 
53  11  12 
54  52