1 2 2
2 3 6
3 4 2
4 5 2
5 6 5
6 7 3
7 8 2
8 9 4
10 11 7
11 12 30
12 13 2
13 5 6
5 14 7
14 15 3
15 8 8
16 17 2
17 18 20
18 19 12
19 20 3
20 14 4
14 6 3
6 21 8
21 22 2
22 10 37
23 24 3
24  45 4
45 25 4
26 27 23
28 29 8
29 4 3
3 30 12
30 31 20
32 27 16
27 28 2
28 19 5
19 33 5
33 34 2
34 40 3
40 9 5
9 35 2
36 37 3
37 32 16
38 39 13
39 23 9
23 24 3
24 34 5
34 40 2
40 41 5
41 20 3
20 42 10
42 29 2
29 2 5
2 1 2
43 21 4
21 7 4
7 15 4
15 41 2
41 33 3
33 18 4
18 45 2
45 39 11
39 16 15
16 38 8
38 26 5
26 37 3
37 36 3
1 27 15
27 25 7
25 18 3
18 34 6
34 35 12
35 22 9
22 43 3
43 13 6
13 44 4
44 30 13
30 1 10
42 4 2
4 44 2
44 12 2
12 11 22
11 31 11
46 32 25
47 39 4
47 45 7
48 31 13
49 22 7
49 35 2
50 4 1
50 5 1
51 10 32
51 22 5
52 1 4
53 11 17
53 12 5
54 52 23
